  -3.00000000000000000000         1.23409804086679549501E-0004   1.23409804086679549501E-0004
  -2.96429348095359063544         1.52699912545380352756E-0004   1.52699924339571012561E-0004
  -2.92906047410349617524         1.87938569799030227257E-0004   1.87938596855338660669E-0004
  -2.89490101022035314568         2.29306262983208558529E-0004   2.29306307929261152222E-0004
  -2.86175876019707741641         2.77507266820988732142E-0004   2.77507332538501460933E-0004
  -2.82955311652779276121         3.33332153091402810358E-0004   3.33332242801151222199E-0004
  -2.79821135391662338134         3.97630619172097115782E-0004   3.97630736460775108177E-0004
  -2.76766884648648778689         4.71311577349921801923E-0004   4.71311726194853359759E-0004
  -2.73786792373006912429         5.55344952893679013340E-0004   5.55345137688318008079E-0004
  -2.70875687214740595854         6.50763584576932886946E-0004   6.50763810157270480294E-0004
  -2.68028911032024413485         7.58665132942378329446E-0004   7.58665404614242633516E-0004
  -2.65242250412205985864         8.80213991430261588934E-0004   8.80214314997493540239E-0004
  -2.62511879410979340871         1.01664320054176398674E-0003   1.01664358233525763812E-0003
  -2.59834311342452536735         1.16925636548735690187E-0003   1.16925681239495567405E-0003
  -2.57206357930942072711         1.33942957779958865380E-0003   1.33943009729683160491E-0003
  -2.54625094495817975190         1.52861334140947813356E-0003   1.52861394159119223556E-0003
  -2.52087830115109372991         1.73833450370885796704E-0003   1.73833519332159388743E-0003
  -2.49592081924501703631         1.97019819214737133486E-0003   1.97019898062268142735E-0003
  -2.47135552871965990520         2.22588975694406978358E-0003   2.22589065443262798894E-0003
  -2.44716112376278490119         2.50717672052781275418E-0003   2.50717773793437694451E-0003
  -2.42331779438636045758         2.81591073435995146081E-0003   2.81591188337916949124E-0003
  -2.39980707836757114451         3.15402954383922555067E-0003   3.15403083699228693275E-0003
  -2.37661173095062076247         3.52355896203295454304E-0003   3.52356041270509024757E-0003
  -2.35371560976148939959         3.92661485303816260210E-0003   3.92661647551699605640E-0003
  -2.33110357280643855620         4.36540512583820538994E-0003   4.36540693535295828928E-0003
  -2.30876138776662204752         4.84223173957940748955E-0003   4.84223375234096459218E-0003
  -2.28667565107970230604         5.35949272128392979499E-0003   5.35949495452576738049E-0003
  -2.26483371553064541772         5.91968419707691829400E-0003   5.91968666909690155082E-0003
  -2.24322362526311275916         6.52540243812289527305E-0003   6.52540516832595046441E-0003
  -2.22183405728226561222         7.17934592254541896712E-0003   7.17934893148708680892E-0003
  -2.20065426865101033266         7.88431741474160744329E-0003   7.88432072417248481372E-0003
  -2.17967404869351130139         8.64322606360219838755E-0003   8.64322969651327614170E-0003
  -2.15888367561163203997         9.45908952133392148108E-0003   9.45909350200282693733E-0003
  -2.13827387700084366488         1.03350360846655266048E-0002   1.03350404387036800007E-0002
  -2.11783579381639634970         1.12743068604791482808E-0002   1.12743116148798434832E-0002
  -2.09756094739915266347         1.22802579580397598019E-0002   1.22802631412271804144E-0002
  -2.07744120921795180548         1.33563627102445794864E-0002   1.33563683521237625975E-0002
  -2.05746877302734075023         1.45062139265268733359E-0002   1.45062200585346342354E-0002
  -2.03763612917391057446         1.57335261803720413342E-0002   1.57335328355288738988E-0002
  -2.01793604081574880021         1.70421381346694514126E-0002   1.70421453476324201412E-0002
  -1.99836152184591639045         1.84360149084377043864E-0002   1.84360227155543455862E-0002
  -1.97890581633203828610         1.99192504889271591708E-0002   1.99192589282904106240E-0002
  -1.95956237930426024755         2.14960701934990005807E-0002   2.14960793050031807386E-0002
  -1.94032485874146429683         2.31708331860813313367E-0002   2.31708430114791912734E-0002
  -1.92118707861763304194         2.49480350537314189069E-0002   2.49480456366922925337E-0002
  -1.90214302288514626015         2.68323104492507306453E-0002   2.68323218354198112538E-0002
  -1.88318682027948943835         2.88284358067469761798E-0002   2.88284480438057503688E-0002
  -1.86431272984243648697         3.09413321374910121872E-0002   3.09413452752188852132E-0002
  -1.84551512706326657862         3.31760679148217858219E-0002   3.31760820051589363561E-0002
  -1.82678849054951036575         3.55378620573003978095E-0002   3.55378771544119037926E-0002
  -1.80812738913844511530         3.80320870210592329685E-0002   3.80321031814005150102E-0002
  -1.78952646936823877438         4.06642720132386335287E-0002   4.06642892956222674879E-0002
  -1.77098044322824943225         4.34401063402213251705E-0002   4.34401248058852810476E-0002
  -1.75248407611120084182         4.63654429059979305113E-0002   4.63654626186753016567E-0002
  -1.73403217488956872645         4.94463018782404338327E-0002   4.94463229042307278073E-0002
  -1.71561957604063580740         5.26888745416891703832E-0002   5.26888969499312411104E-0002
  -1.69724113373872078194         5.60995273620203198950E-0002   5.60995512241670307322E-0002
  -1.67889170783830945989         5.96848062853237608177E-0002   5.96848316758184786784E-0002
  -1.66056615165992566756         6.34514413035204544297E-0002   6.34514682996754882192E-0002
  -1.64225929949397370902         6.74063513189735116646E-0002   6.74063800010506222502E-0002
  -1.62396595372376352658         7.15566493481924464638E-0002   7.15566797994855723983E-0002
  -1.60568087146731815044         7.59096481094196605998E-0002   7.59096804163400231403E-0002
  -1.58739875062797719345         8.04728660458323744021E-0002   8.04729002979961468970E-0002
  -1.56911421522379065702         8.52540338465365796379E-0002   8.52540701368553332785E-0002
  -1.55082179986270867682         9.02611015349828335282E-0002   9.02611399597570007527E-0002
  -1.53251593320650461453         9.55022462078933323583E-0002   9.55022868669089647196E-0002
  -1.51419092024689144922        0.100985880521847110956        0.100985923518476249666      
  -1.49584092318945638281        0.106720662042768211807        0.106720707484073237787      
  -1.47745994071791714912        0.112715503592250063645        0.112715551589092451470      
  -1.45904178536390009586        0.118979584753044455922        0.118979635420198424624      
  -1.44058005867457871374        0.125522364723190322990        0.125522418179461957676      
  -1.42206812379934640289        0.132353596751551220065        0.132353653119903736835      
  -1.40349907506687709426        0.139483344428601804241        0.139483403836287747941      
  -1.38486570403038531372        0.146922000167763548386        0.146922062746464854812      
  -1.36616046135474425536        0.154680306286002140125        0.154680372171979168704      
  -1.34737541380243433563        0.162769379179045925769        0.162769448513296778773      
  -1.32850219540063637616        0.171200737207324728072        0.171200810135756435098      
  -1.30953195167620937566        0.179986333053039941203        0.179986409726653410546      
  -1.29045527559017534735        0.189138591495836368023        0.189138672070927409949      
  -1.27126213345955180320        0.198670453804545872606        0.198670538442925108399      
  -1.25194177873493948667        0.208595430257615634746        0.208595519126850748813      
  -1.23248265093597581768        0.218927662728242525386        0.218927756001927140844      
  -1.21287225628819971684        0.229681999840945107587        0.229682097698999631894      
  -1.19309702562404871607        0.240874087958798698656        0.240874190587809871076      
  -1.17314214373408447071        0.252520482313424371603        0.252520589907032077810      
  -1.15299134249579564738        0.264638784031984218315        0.264638896791326583697      
  -1.13262664750741977304        0.277247810845881565225        0.277247928980112647138      
  -1.11202806423923083491        0.290367812184531359418        0.290367935911430307934      
  -1.09117318433178214982        0.304020743618694882761        0.304020873165391799337      
  -1.07003668482122594378        0.318230621890267639589        0.318230757494120386513      
  -1.04858968099100109488        0.333023991448445663390        0.333024133358115013867      
  -1.02679887507790996591        0.348430548358706068516        0.348430696835496071529      
  -1.00462541326707738851        0.364483991663170845587        0.364484146982731041899      
 -0.982023314363134082786        0.381223212397547124363        0.381223374852080047439      
 -0.958937249032269852932        0.398693999956616323250        0.398694169857809999145      
 -0.935299296452322563090        0.416951571219464981263        0.416951748902499755019      
 -0.911024015942851799615        0.436064468175743654007        0.436064654004954189813      
 -0.886000582998368654147        0.456120860684087494371        0.456121055061300366873      
 -0.860079440657350503699        0.477239379387567991123        0.477239582765035853101      
 -0.833047729262181815900        0.499589286366783816442        0.499589499268672986780      
 -0.804578740433964769601        0.523432406359557470519        0.523432629421200881640      
 -0.774109405116951522724        0.549225707473696268194        0.549225941524248158665      
 -0.740450154580085476055        0.577950613604554380384        0.577950859888629304040      
 -0.699513785097907155497        0.613043145328457028491        0.613043406536641911876      
 -0.664687505456012545687        0.642871829935939455487        0.642872103840325427484      
 -0.629995435679790360560        0.672404842929614328644        0.672405129402999578972      
 -0.598066224253006680888        0.699294272511440514789        0.699294570432150195500      
 -0.567678452710416501126        0.724510335448875250662        0.724510644105952024972      
 -0.538173764157549834619        0.748539408574661203519        0.748539727463420703670      
 -0.509220934732941864827        0.771586583205149104255        0.771586911907941044582      
 -0.480616983455648072660        0.793744934291853125184        0.793745272430529224714      
 -0.452219391472907350667        0.815052456487444390554        0.815052803699972505875      
 -0.423918536809332112815        0.835514687466561419579        0.835515043393239717593      
 -0.395623961805953688967        0.855115488285297228584        0.855115852559545089697      
 -0.367256456138577731899        0.873822746967970381392        0.873823119209541862530      
 -0.338742877038657805321        0.891591542978342701696        0.891591922787884945162      
 -0.310012273512562138144        0.908365874808055400109        0.908366261762402225856      
 -0.280992507281314527829        0.924079460212161084374        0.924079853859968497779      
 -0.251606783279869680682        0.938655826059081954378        0.938656225916504807576      
 -0.221769498176597192507        0.952007718732089729292        0.952008124278212652090      
 -0.191380598274901325169        0.964035692744786231270        0.964036103416462975284      
 -0.160317080951478522439        0.974625492100618053882        0.974625907286212819975      
 -0.128418980933152999829        0.983643385563194363249        0.983643804594369662879      
  -9.54639983834803959405E-0002  0.990927603811658380044        0.990928025951586094347      
  -6.11160387485369023586E-0002  0.996271372454257380085        0.996271796878772001628      
  -2.48029529046872786204E-0002  0.999384576952692021631        0.999385002715608647688      
   1.46579989714014471832E-0002  0.999784740192260572051        0.999785166146252402268      
   6.10053380999600492827E-0002  0.996284840968108185186        0.996285265484171074935      
  0.101403924313996130277        0.989769509163241911168        0.989769930924714942786      
  0.137535775424945363028        0.981261278781009227315        0.981261696926672696525      
  0.173661898347708440796        0.970291360365140125250        0.970291773844233465659      
  0.207571578723683015919        0.957828643089057137940        0.957829051261450440617      
  0.239909798256014486622        0.944067947215197975086        0.944068349525576192504      
  0.271124863230265627872        0.929127674331122787850        0.929128070275452958157      
  0.301485659415567387113        0.913114469444823875104        0.913114858564934192087      
  0.331173740056106417342        0.896124009389450127598        0.896124391268185725809      
  0.360323886609801263787        0.878241444509102840135        0.878241818765755127157      
  0.389043530850120463911        0.859542253303972871362        0.859542619590109452116      
  0.417423477271763148380        0.840092910506390985195        0.840093268501988121269      
  0.445544583841311370729        0.819951241296738457423        0.819951590706474034941      
  0.473482457087058883837        0.799166424992780388518        0.799166765542333824520      
  0.501311238439650170326        0.777778590064777514547        0.777778921496960031813      
  0.529107181025997221123        0.755817877097235027916        0.755818199167721918358      
  0.556952631551394325578        0.733302730795241024828        0.733303043267575917848      
  0.584941175874991283910        0.710236969094270858855        0.710237271733619136881      
  0.613185172973184034568        0.686604748199326998294        0.686605040764078998602      
  0.641828038991931115341        0.662361593955256787859        0.662361876184799217406      
  0.671066512012925204145        0.637417329463214814170        0.637417601058405065568      
  0.701196309982682371446        0.611600069549795200994        0.611600330138038239557      
  0.732722985832619520472        0.584567278676141799409        0.584567527738403023977      
  0.766715384177584417509        0.555518755954805105296        0.555518992629625668416      
  0.806838823350959144737        0.521529565547718667207        0.521529787718180751460      
  0.839284119910525146983        0.494405988661402144818        0.494406199273335449681      
  0.868555960539652775049        0.470297463892458854275        0.470297664233655683913      
  0.897865043434834784867        0.446568684328793165091        0.446568874562507647221      
  0.925235034017359176946        0.424832504767938839350        0.424832685743796858324      
  0.951180048036396227548        0.404645497589640125229        0.404645669967878629086      
  0.976065587191299430529        0.385696512232982839489        0.385696676541117532795      
   1.00011315117839392000        0.367796037212542484458        0.367796193897276755169      
   1.02347069940840129665        0.350816249404300933043        0.350816398857841701909      
   1.04624470988061669540        0.334663938616225541215        0.334664081191046471368      
   1.06851580667169376913        0.319267344982283350071        0.319267481000272652420      
   1.09034733725056845726        0.304568961815531483032        0.304569091574069676252      
   1.11179050319721526836        0.290521251910322938469        0.290521375686533544092      
   1.13288762893764876087        0.277083934555566624002        0.277084052609409844670      
   1.15367434775159804800        0.264222183207097272901        0.264222295783695092740      
   1.17418112150497994128        0.251905381509685845359        0.251905488841116693841      
   1.19443433127691578865        0.240106237382661956878        0.240106339689377641433      
   1.21445708115077087943        0.228800135316555009526        0.228800232808521501168      
   1.23426980415549909873        0.217964652123370664064        0.217964745001002435139      
   1.25389072805305444797        0.207579187828530246169        0.207579276283467256247      
   1.27333623953434761341        0.197624679531799065838        0.197624763747561770953      
   1.29262117327271307287        0.188083376254974341072        0.188083456407522728635      
   1.31175904442735949136        0.178938659396598861504        0.178938735654814954140      
   1.33076223789441419696        0.170174897836619719280        0.170174970362728319442      
   1.34964216402910405117        0.161777329724153415077        0.161777398674092465864      
   1.36840938803952615163        0.153731965075859479698        0.153732030599608912594      
   1.38707373847760076632        0.146025504786206190613        0.146025567028082256272      
   1.40564439895148507920        0.138645272719668231459        0.138645331818588889996      
   1.42412998626476460700        0.131579158320256545367        0.131579214409982398837      
   1.44253861746320503185        0.124815567757921211014        0.124815620967275616957      
   1.46087796775799360412        0.118343382054664335710        0.118343432507735676620      
   1.47915532089240490227        0.112151920959615676455        0.112151968775944235534      
   1.49737761319872248096        0.106230911595565222189        0.106230956890316698939      
   1.51555147237030237003        0.100570461085670541834        0.100570503969797903798      
   1.53368325177682402339         9.51610325227696018905E-0002   9.51610731031646970879E-0002
   1.55177906100471171824         8.99934237609684879790E-0002   8.99934621406046211052E-0002
   1.56984479318674107634         8.50587486026763679665E-0002   8.50587848807428606744E-0002
   1.58788614959124835648         8.03484200285867774288E-0002   8.03484543006163838365E-0002
   1.60590866186809421822         7.58541351773299597606E-0002   7.58541675353198826181E-0002
   1.62391771228001686328         7.15678618317781631620E-0002   7.15678923643053125514E-0002
   1.64191855220843695574         6.74818262056037788312E-0002   6.74818549979348278759E-0002
   1.65991631916864216861         6.35885018591915318105E-0002   6.35885289933882501623E-0002
   1.67791605254657062935         5.98805995976731582262E-0002   5.98806251526934423127E-0002
   1.69592270823674591768         5.63510582270267803968E-0002   5.63510822788217457490E-0002
   1.71394117233461250641         5.29930360629103643085E-0002   5.29930586845178207522E-0002
   1.73197627402380076745         4.97999031006969167934E-0002   4.97999243623315083202E-0002
   1.75003279777801846019         4.67652337689384470194E-0002   4.67652537380787050012E-0002
   1.76811549498530745162         4.38828001988652895634E-0002   4.38828189403378189302E-0002
   1.78622909509155930853         4.11465659515343649833E-0002   4.11465835275953586254E-0002
   1.80437831635033780412         3.85506801520172201496E-0002   3.85506966224314747958E-0002
   1.82256787625901188466         3.60894719864522846387E-0002   3.60894874085698729069E-0002
   1.84080250175375842578         3.37574455235291186589E-0002   3.37574599523598554251E-0002
   1.85908693923315588279         3.15492748264392994223E-0002   3.15492883147251263464E-0002
   1.87742596447425282111         2.94597993257147751016E-0002   2.94598119240001744202E-0002
   1.89582439250200620131         2.74840194268753627030E-0002   2.74840311835759002603E-0002
   1.91428708747106205552         2.56170923298163528619E-0002   2.56171032912854406605E-0002
   1.93281897261897664061         2.38543280393721848551E-0002   2.38543382499661445723E-0002
   1.95142504034535146972         2.21911855492050895217E-0002   2.21911950513465907387E-0002
   1.97011036247575483879         2.06232691827060655223E-0002   2.06232780169460056484E-0002
   1.98888010076649983263         1.91463250767061299156E-0002   1.91463332817840165853E-0002
   2.00773951770917108992         1.77562377951666941118E-0002   1.77562454080695853964E-0002
   2.02669398769504404139         1.64490270614270166459E-0002   1.64490341174470695987E-0002
   2.04574900860239458308         1.52208445987478478707E-0002   1.52208511315385216155E-0002
   2.06491021387294730128         1.40679710699427085881E-0002   1.40679771115736639346E-0002
   2.08418338514653579880         1.29868131078818223434E-0002   1.29868186888925568505E-0002
   2.10357446552973324045         1.19739004293476077188E-0002   1.19739055787998615539E-0002
   2.12308957357716431426         1.10258830256065279264E-0002   1.10258877711354932366E-0002
   2.14273501807334018675         1.01395284235526831815E-0002   1.01395327914170470268E-0002
   2.16251731370804957085         9.31171901198477569618E-0003   9.31172302711562420881E-0003
   2.18244319774852845025         8.53944942800834502733E-0003   8.53945311405695446993E-0003
   2.20251964781993695114         7.81982399908664043056E-0003   7.81982737847117874499E-0003
   2.22275390091881570572         7.15005423659750342889E-0003   7.15005733054866425609E-0003
   2.24315347379558632269         6.52745637719119979218E-0003   6.52745920579678923998E-0003
   2.26372618485741349524         5.94944896855229052771E-0003   5.94945155080078559789E-0003
   2.28448017776018341045         5.41355049645470158655E-0003   5.41355285027779777272E-0003
   2.30542394687681626128         4.91737705029809179309E-0003   4.91737919261225623980E-0003
   2.32656636485224606846         4.45864002453065172613E-0003   4.45864197127769714847E-0003
   2.34791671248026238231         4.03514385360336259416E-0003   4.03514561979005619013E-0003
   2.36948471116669893326         3.64478377829783298133E-0003   3.64478537803455365306E-0003
   2.39128055827773497075         3.28554364144070467101E-0003   3.28554508797916097670E-0003
   2.41331496571025995055         2.95549371119833673403E-0003   2.95549501696835725474E-0003
   2.43559920206668266028         2.65278853028623320614E-0003   2.65278970693164025922E-0003
   2.45814513886844492486         2.37566478956986275158E-0003   2.37566584798343975540E-0003
   2.48096530130315729183         2.12243922465737333469E-0003   2.12244017501493547943E-0003
   2.50407292407052987524         1.89150653420311199851E-0003   1.89150738599668935745E-0003
   2.52748201297484204964         1.68133731874358201837E-0003   1.68133808081372368696E-0003
   2.55120741300792559748         1.49047603898767349471E-0003   1.49047671955488086465E-0003
   2.57526488377985832449         1.31753899257317045258E-0003   1.31753959926846730182E-0003
   2.59967118328812399277         1.16121230838429229717E-0003   1.16121284827893894755E-0003
   2.62444416117375332897         1.02024995760341548956E-0003   1.02025043723777389456E-0003
   2.64960286280017355423         8.93471780742826225882E-0004   8.93472206154382506393E-0004
   2.67516764571362278160         7.79761529969552510397E-0004   7.79761906720103100206E-0004
   2.70116031031039625075         6.78064926101277745758E-0004   6.78065259303285003373E-0004
   2.72760424685625990789         5.87387729711015475254E-0004   5.87388024053138301052E-0004
   2.75452460138905555974         5.06793825835629927616E-0004   5.06794085607434641944E-0004
   2.78194846350222799321         4.35403321838773797069E-0004   4.35403550954630247026E-0004
   2.80990507957472423583         3.72390658031580555943E-0004   3.72390860053748138782E-0004
   2.83842609570657906253         3.16982730705596057743E-0004   3.16982908866504070751E-0004
   2.86754583547119212762         2.68457027283661362581E-0004   2.68457184507387800173E-0004
   2.89730161864738689718         2.26139773343882016064E-0004   2.26139912266834636479E-0004
   2.92773412840029902951         1.89404091322077862209E-0004   1.89404214312881026986E-0004
   2.95888783601123343467         1.57668170748791295344E-0004   1.57668279927381729574E-0004
   2.99081149430647319173         1.30393449928807822114E-0004   1.30393547184742050727E-0004
   3.02355871352809711401         1.07082809024965923749E-0004   1.07082896034941680107E-0004
