  -3.00000000000000000000         1.23409804086679549501E-0004   1.23409804086679549501E-0004   1.23409804086679549501E-0004
  -2.50000000000000000000         1.64883854131955580399E-0003   4.93639216346718198006E-0004   1.93045413622770924223E-0003
  -2.00000000000000000000         1.44015741343379952247E-0002   1.72773725721351369310E-0003   1.83156388887341802933E-0002
  -1.50000000000000000000         8.00337479236387547120E-0002   5.18321177164054107930E-0003  0.105399224561864336783      
  -1.00000000000000000000        0.276470746408090646150         1.29580294291013526976E-0002  0.367879441171442321610      
 -0.500000000000000000000        0.584260444557722810849         2.59160588582027053952E-0002  0.778800783071404868231      
   0.00000000000000000000        0.750105206163951421228         3.88740882873040580928E-0002   1.00000000000000000000      
  0.500000000000000000000        0.584066293341201757654         3.88740882873040580928E-0002  0.778800783071404868231      
   1.00000000000000000000        0.276062583962052393268         1.94370441436520290464E-0002  0.367879441171442321610      
   1.50000000000000000000         8.37533620614039161801E-0002   0.00000000000000000000        0.105399224561864336783      
   2.00000000000000000000         2.26832022249635606307E-0002   0.00000000000000000000         1.83156388887341802933E-0002
   2.50000000000000000000         9.92390097342155777593E-0003   0.00000000000000000000         1.93045413622770924223E-0003
   3.00000000000000000000         9.21320494016871184056E-0003   0.00000000000000000000         1.23409804086679549501E-0004
